h = 1000
p = 100
a = 0.8
b = 0.00000001
alpha = 0.0000000001
beta  = 0.000000000009

h = 1000
p = 49 (50)
a = 0.1
b = 0.2
alpha = 0.002
beta  = 0.0002
